1
1 10000
500
16808 5250
74 3659
8931 1273
27545 879
27924 7710
14441 8166
34493 3043
7988 2504
32328 1730
28841 2613
44304 3170
17710 7158
29561 934
43100 279
1817 5336
49098 7827
13513 9268
23811 7634
30980 9150
36580 8822
11968 673
1394 9337
25486 1746
25229 4092
40195 6358
35002 1154
16709 7945
15669 1491
38125 2197
9531 904
27723 4667
28550 8025
47802 6854
40978 7409
8229 4934
10299 8982
28636 8014
23866 9815
39064 4537
39426 1670
24116 95
25630 6502
46518 4196
30106 405
19452 4299
32189 1124
49506 6883
6753 1567
36717 338
4439 3145
1502 4898
33872 5829
11138 9359
3178 2398
22295 7905
21610 6232
9746 4176
3636 6299
48143 400
27969 413
261 3558
41595 8009
16396 5969
19114 4531
21007 963
47943 5366
42083 9853
30768 3822
35696 4713
23672 9902
48591 4832
14739 3058
31617 9791
5641 680
37336 7007
47973 6099
49096 5320
33455 5224
12290 6761
48906 6127
36124 9507
45814 6771
35239 9095
46221 7845
12367 535
25227 5395
41364 8739
7845 9591
36551 5160
8624 4948
47386 7218
45273 5540
49248 2386
13497 4886
40624 2421
28145 1969
35736 9916
11626 3535
46043 6012
4680 4153
25245 7296
28819 397
37693 1816
12992 34
22670 9398
39554 548
25826 1211
29663 212
33809 3378
22762 626
37336 1869
27996 2777
12768 7440
29875 9332
40557 6302
18873 561
20095 8985
13756 9790
1408 8016
30194 2770
15681 3456
16856 7507
20964 3503
36677 3109
13250 2332
27845 7639
10809 9998
28652 4850
45204 5732
46532 8015
45420 6776
42010 181
37930 5224
44055 8261
26738 1546
47318 7526
4201 4257
21565 598
6649 7705
25551 5151
41977 1413
38555 2798
2505 8382
34749 7066
9379 7700
28210 5130
28554 5484
448 4608
30774 5323
14306 5177
20054 7225
34631 367
5401 445
45371 286
33017 3899
8156 1134
15558 6577
3179 8267
37358 1712
27879 615
24820 5738
33134 592
23721 8763
6634 6198
26032 8589
10590 4874
48878 7305
29359 1201
27255 8961
14916 3948
45481 7731
19956 4547
37108 1239
40001 4927
45036 4858
11114 115
29594 1361
48355 8419
25358 2586
13730 1016
26564 6103
10918 6644
19420 2968
47748 5270
5396 3304
4474 9104
11749 4386
5659 3460
45407 3931
39825 5133
974 9604
46898 7921
3951 5232
38481 204
13901 4521
12534 1259
17004 8677
20951 3935
8781 9880
41833 2575
33550 4543
6250 2772
16311 5880
984 9971
42041 2724
23651 2972
3230 319
17747 300
37231 5622
20777 125
18245 6959
47697 6772
29065 1561
6599 8752
19941 4504
39552 2802
27206 5081
30419 9275
9650 414
33321 9026
22013 1784
4789 4118
24009 1551
15325 9196
1258 4512
35691 8667
12411 594
40554 9566
40961 8743
1404 4353
7308 6142
44911 3201
42800 3128
20172 7788
34415 1626
16642 9518
5349 1843
14316 5975
31446 1374
22221 9912
9240 5055
41306 6930
32254 4190
15167 4357
9305 9861
45899 5593
1721 6117
1581 8868
49353 6940
28699 4902
10812 6617
6892 8672
31729 6672
1662 7046
3121 241
17159 9454
19628 5351
3712 5564
29595 7534
1728 7828
48796 9532
37443 1517
35007 8516
16925 2602
27098 8662
17104 4325
30109 4937
2282 7016
43711 3217
1906 5974
17782 2721
20792 1170
47866 5828
29537 6729
7126 385
30168 9950
477 6047
21577 8667
27468 521
27385 1992
25211 3259
28212 8745
19519 5719
21935 6826
30768 8690
49819 3015
11826 2919
8029 3030
28035 6728
1241 3755
36541 8397
40936 3084
48049 6866
37012 5253
3065 7877
17238 2676
20246 2711
20416 8193
24711 4748
13038 1300
18448 9716
41694 9580
17130 5165
33980 3502
45526 290
24959 4034
11801 5090
37671 5218
30847 1039
9544 339
35937 3322
47720 6497
41248 3789
28360 5988
45036 5236
33913 5685
45990 3785
13735 2668
520 2616
17046 5977
26662 5826
32820 1632
22904 2699
36799 2640
14005 9504
680 8766
7392 4108
14925 4366
7122 4455
27107 7451
1704 833
21033 2142
11655 1978
42218 3901
7290 3466
34748 3623
39880 9318
1517 4049
32763 1030
49040 2709
5904 2658
10762 5753
11467 8622
44558 6997
26956 6931
21495 5556
42222 9313
2294 1428
42233 7445
34792 2199
49153 4857
23571 4304
27440 2915
35800 6767
41836 1922
46044 2753
24087 9720
39151 8411
18624 4670
9606 9944
37312 2432
27993 9817
38700 6972
30640 1371
25837 9892
32858 4834
33329 8178
24411 7684
35177 3490
22092 435
34712 6905
41027 4892
10791 523
9365 6891
24885 6814
41442 7128
16180 5785
44538 9871
37562 2582
24166 5803
7733 7333
47855 9760
9848 2378
40463 9011
43820 8151
13378 942
43837 6721
32300 6113
34760 9957
24391 6153
30049 5015
9045 4919
40151 102
41296 9822
45732 4502
28246 4962
46058 3511
43929 806
12174 2138
9670 9097
4504 7422
18676 8519
24301 6490
40263 2055
18264 8644
24890 5251
26736 9416
31365 2495
964 7759
35653 5093
7317 6715
11421 8061
7451 3369
28742 1848
49197 4788
2502 8235
43129 572
27449 7876
17254 1872
19330 2294
33720 3472
38821 5765
31080 2631
44411 8081
16114 3343
48139 8383
46045 8829
48394 3576
981 9001
45597 5948
17371 6088
6544 2734
12853 262
26825 4401
32381 779
21858 3424
9499 7015
2846 1663
18510 6611
46850 9219
19291 5056
35744 8556
36386 6535
36276 7322
11152 1227
25252 4460
32784 6715
16438 7880
7699 4101
33138 4286
45879 8285
20343 4916
45961 3068
35141 708
43567 729
563 6364
41970 2891
12624 2279
17314 5762
27011 4841
26979 6001
7395 4508
37657 6552
11787 3432
4545 740
8777 7585
24253 4109
25515 1455
45020 3029
16672 2371
6664 7948
34025 4544
16855 6009
14982 553
36289 8164
8360 1020
5380 5357
19462 8488
8354 3900
35789 4245
19881 2467
38284 5275
237 8910
48568 1835
47940 9685
19652 9550
9267 7468
111 9590
36328 7774
25582 9296
7937 7875
45436 8232
16973 3029
19799 9071
24588 6298
19090 2647
29091 8112
16613 7464
22113 3782
1952 9231
